,Depot,A,B,C,D,E,F,G,H,I,J
Depot,0,28,41,63,39,38,45,35,28,44,35
A,28,0,27,87,35,65,63,41,39,43,20
B,41,27,0,81,13,77,54,25,63,70,7
C,63,87,81,0,69,53,28,57,83,102,81
D,39,35,13,69,0,72,41,12,64,75,17
E,38,65,77,53,72,0,53,64,39,58,72
F,45,63,54,28,41,53,0,29,70,88,54
G,35,41,25,57,12,64,29,0,63,76,27
H,28,39,63,83,64,39,70,63,0,20,56
I,44,43,70,102,75,58,88,76,20,0,63
J,35,20,7,81,17,72,54,27,56,63,0
