problem_id,query,dataset_address,input_kind,true_label,true_route,label_objective,forced_route,experiment_mode,repair_count,retry_count,fallback_count,pipeline_stage,predicted_label,assigned_route,csvqa_mode,csvqa_status,api_retry_count,api_retry_events,final_objective,final_ok,record_status,cache_source,classification_correct,solution_correct,seconds,base_notebook_sha256,notebook_source_sha256,cache_fingerprint,evaluated_utc,generated_model_path,generated_model_sha256,solve_code_path,solve_code_sha256,csvqa_observation_path,csvqa_observation_sha256,csvqa_trace_path,csvqa_trace_sha256,solution_path,solution_sha256
50pct-S2/OR-010,"A supermarket manager needs to select a variety of products to stock in different sections of the store. Particularly, the store has several sections, each with a display space limit provided in ""capacity.csv."" The predefined price and shelf space requirement of each product are detailed in ""products.csv."" The objective is to determine the optimal number of units of each product to stock in each section to maximize the total revenue, while ensuring that the total space used by the products in each section does not exceed the available capacity. The decision variables x_ij denote the number of units of product j to be placed in section i.The decision variables must be integers.","/Users/cora/Documents/GitHub/lean-llm-opt/redundancy_complete/50pct/S2/Large-scale-or/RA_testing/RA10/SalesOfASupermarket1/capacity.csv
/Users/cora/Documents/GitHub/lean-llm-opt/redundancy_complete/50pct/S2/Large-scale-or/RA_testing/RA10/SalesOfASupermarket1/products.csv",external_csv,RA,RA,8000.0,,automatic,0,0,0,completed,RA,RA,planned,PLANNED,0,[],8000.0,True,completed,computed,True,True,19.089,27b17404536910dec6442e66cce5a76d0dc4c391b243142a3f5b75e5f9962a4d,27b17404536910dec6442e66cce5a76d0dc4c391b243142a3f5b75e5f9962a4d,a4e77721658b8b3d4b4c3ee713cfd67937584dcc43617861e471b680959faeea,2026-10-05T14:55:34.937299+00:00,results_cases/AUTO/50pct-S2%2FOR-010/68c2f8be323282b2/model.md,2d4444cd83d78cca24173a6f9e95468bae57c48904ae2f2ea3729a60596a339f,results_cases/AUTO/50pct-S2%2FOR-010/68c2f8be323282b2/solve.py,d29258b09eb9e87e28b8ed7aa7627294b815e0e3889d564ec55251c8852fd38b,results_cases/AUTO/50pct-S2%2FOR-010/68c2f8be323282b2/data_overview.md,ea49f26a694536a4dd074c89e0eab7b3e5e8a14fb54b07d91d68bfead258f7bc,results_cases/AUTO/50pct-S2%2FOR-010/68c2f8be323282b2/csvqa_trace.json,819f3e347b4e87e70c50ddbdecd5b6e8842c5722ec8e8bf8c3673f9bb364a450,results_cases/AUTO/50pct-S2%2FOR-010/68c2f8be323282b2/solution.json,e6dd56492f5eda5827745e102076a2166e1d9b1d6f5fceca0c0297bac094bac9
