two_periods_ago_stock_status,previous_period_stock_status,item_name,previous_period_unit_value,item_value,two_periods_ago_unit_value,previous_period_replenishment_policy,previous_period_resource_requirement,resource_requirement
Balanced,Stockout,Baguette,1044,888,853,Weekly,5,4
Overstock,Overstock,Croissant,142,134,153,Daily,3,2
Overstock,Balanced,Sourdough,141,129,105,Weekly,5,4
Overstock,Overstock,Rye Bread,311,370,398,Weekly,4,3
Overstock,Stockout,Brioche,753,921,951,On demand,3,2
Overstock,Overstock,Focaccia,770,765,634,Weekly,2,1
Overstock,Overstock,Ciabatta,129,154,127,On demand,3,2
Balanced,Balanced,Pita,914,837,886,Daily,2,1
Stockout,Stockout,Bagel,668,584,605,Weekly,2,3
Stockout,Stockout,English Muffin,314,365,367,Daily,4,3
