problem_id,query,dataset_address,input_kind,true_label,true_route,label_objective,forced_route,experiment_mode,repair_count,retry_count,fallback_count,pipeline_stage,predicted_label,assigned_route,csvqa_mode,csvqa_status,protocol_retry_count,protocol_retry_events,api_retry_count,api_retry_events,final_objective,final_ok,record_status,cache_source,classification_correct,solution_correct,seconds,classification_source,external_case_deadline_seconds,external_deadline_exceeded,base_notebook_sha256,notebook_source_sha256,cache_fingerprint,evaluated_utc,generated_model_path,generated_model_sha256,solve_code_path,solve_code_sha256,csvqa_observation_path,csvqa_observation_sha256,csvqa_trace_path,csvqa_trace_sha256,solution_path,solution_sha256
100pct-S3/OR-013,"Amazon needs to allocate different types of air conditioners into different warehouse storage areas. Specifically, Amazon has several storage areas, each with a capacity limit provided in ‚Äúcapacity.csv.‚Äù The predefined value and size of each air conditioner type can be found in ‚Äúproducts.csv.‚Äù The objective is to determine the optimal number of units of each air conditioner type to place in each storage area to maximize the total value of the air conditioners across all areas, while ensuring that the total size of the units in each area does not exceed its capacity. The decision variablesx_ijrepresent the number of units of air conditioner type j to be placed in storage area i.The decision variables must be integers.","/Users/cora/Documents/GitHub/lean-llm-opt/redundancy_complete/100pct/S3/Large-scale-or/RA_testing/RA14/AmazonProductsSalesDataset2023/capacity.csv
/Users/cora/Documents/GitHub/lean-llm-opt/redundancy_complete/100pct/S3/Large-scale-or/RA_testing/RA14/AmazonProductsSalesDataset2023/products.csv",external_csv,RA,RA,635052.0,,automatic,0,0,1,completed,RA,RA,planned,FALLBACK_FULL_DATA,0,[],0,[],635052.0,True,completed,computed,True,True,15.153,computed,1800,False,df0d815aeabe434e80c8afe336a9152a76aee6efc3cfe788afc6e5c290296e78,df0d815aeabe434e80c8afe336a9152a76aee6efc3cfe788afc6e5c290296e78,05a87f35027e52a954ae4e4ed16ccc13f33b328486ed50a23187879ee2184094,2026-10-06T05:25:34.902819+00:00,results_cases/AUTO/100pct-S3%2FOR-013/b6ca9ea64ea1a4d3/model.md,4c9b23bec59cab263ac63b26f34b64884cc577a384aa07706be42b7e5932304a,results_cases/AUTO/100pct-S3%2FOR-013/b6ca9ea64ea1a4d3/solve.py,703c4d80f0ce402c8b5cd36117d728fdcb6ce0cc0281c60d5316fe2339abd29a,results_cases/AUTO/100pct-S3%2FOR-013/b6ca9ea64ea1a4d3/data_overview.md,c3144dd2a90b6a3df5e36d4be8826680e18c105b9e0f7c3988b8d50fdb7ca4cb,results_cases/AUTO/100pct-S3%2FOR-013/b6ca9ea64ea1a4d3/csvqa_trace.json,eee8a4bea9c319c8687387233b11f24c0225104663294e52f8bc554f8f022dd3,results_cases/AUTO/100pct-S3%2FOR-013/b6ca9ea64ea1a4d3/solution.json,ce3b40ea1ba2404b7a327ea54b547984f6ec09b5d8edd15a1f03969efbb848f0
