problem_id,query,dataset_address,input_kind,true_label,true_route,label_objective,forced_route,experiment_mode,repair_count,retry_count,fallback_count,pipeline_stage,predicted_label,assigned_route,csvqa_mode,csvqa_status,api_retry_count,api_retry_events,final_objective,final_ok,record_status,cache_source,classification_correct,solution_correct,seconds,base_notebook_sha256,notebook_source_sha256,cache_fingerprint,evaluated_utc,generated_model_path,generated_model_sha256,solve_code_path,solve_code_sha256,csvqa_observation_path,csvqa_observation_sha256,csvqa_trace_path,csvqa_trace_sha256,solution_path,solution_sha256
OR-052,"In the context of a bookstore, the store needs to allocate various types of books into different bookshelves. Specifically, the store has several bookshelves, each with a capacity limit provided in “capacity.csv.” The predefined value and weight of each book can be found in “products.csv.” The objective is to determine the optimal number of units of each book to place on each bookshelf to maximize the total value of the books across all bookshelves while ensuring that the total weight of the books on each bookshelf does not exceed its capacity. The decision variables x_ij represent the number of units of book j to be placed on bookshelf i.The decision variables must be integers.","/Users/cora/Documents/GitHub/lean-llm-opt/Test_Dataset/Large-scale-or/RA_testing/RA18/BooksSalesAndRatings1/capacity.csv
/Users/cora/Documents/GitHub/lean-llm-opt/Test_Dataset/Large-scale-or/RA_testing/RA18/BooksSalesAndRatings1/products.csv",external_csv,RA,RA,30240.0,,automatic,0,0,1,completed,RA,RA,planned,FALLBACK_FULL_DATA,0,[],30240.0,True,completed,computed,True,True,21.564,27b17404536910dec6442e66cce5a76d0dc4c391b243142a3f5b75e5f9962a4d,27b17404536910dec6442e66cce5a76d0dc4c391b243142a3f5b75e5f9962a4d,d7faefb7b31152dcc0db8b170fbc66623edf935044174fa74039cc4878358608,2026-10-05T14:49:15.171223+00:00,results_cases/AUTO/OR-052/33763581df3c40ed/model.md,fd01f518541e2bc8701b85824635bbe442fda58eca15e3004cd4c99f44f33d0e,results_cases/AUTO/OR-052/33763581df3c40ed/solve.py,437ecb53892b0781e9bb2b521fc3758a0d11f7a63d85c61de3fc1c8c95754362,results_cases/AUTO/OR-052/33763581df3c40ed/data_overview.md,c28b96a97f8da72ce9537839a5b0e2c803343af7ce51bb5071d688ae208faab1,results_cases/AUTO/OR-052/33763581df3c40ed/csvqa_trace.json,438751bdbccb7870104c704f225ffa1a45e176053b082f03b2828b8997a9fd81,results_cases/AUTO/OR-052/33763581df3c40ed/solution.json,85dfeb28f05861c79314d7ffa365df698153e8a4c2b779e8a2b4e7a4336e5a16
